or: 1.5645602637, 3970
your: 1.51866840608, 3476
i: 1.66898868137, 3202
if: 1.54380722301, 3175
about: 1.52320788181, 3167
1: 2.22952408786, 3003
into: 1.80581741348, 2803
2: 2.38874319873, 2798
make: 2.14262498127, 2797
over: 1.75936688647, 2493
3: 2.17421191704, 2381
my: 2.26267690271, 2313
4: 2.56905401271, 2300
them: 1.73565010857, 2290
then: 1.88451758881, 2181
well: 1.72797362894, 2052
recipe: 10.1311606202, 2045
until: 4.38598479986, 1986
minutes: 5.26438356164, 1933
use: 1.86098288242, 1914
10: 1.57050207304, 1910
don: 1.67263633059, 1899
5: 1.84237101648, 1866
food: 3.39580551179, 1851
add: 4.63926258606, 1821
good: 1.80847619846, 1791
top: 1.92258853713, 1741
made: 1.86509433619, 1718
before: 1.60575584993, 1697
little: 2.05391451296, 1618
cup: 7.11077449947, 1598
me: 1.84528987628, 1591
recipes: 7.56857293392, 1572
too: 1.71185312024, 1515
very: 1.6412112503, 1513
want: 1.68314961935, 1482
need: 1.6243239788, 1476
few: 1.81719792764, 1470
place: 2.58418915998, 1453
ve: 1.69264857847, 1440
each: 2.02662248471, 1437
large: 4.53457586934, 1411
8: 2.11348019845, 1395
using: 1.88803322917, 1388
m: 1.52162509138, 1378
let: 2.52236029482, 1369
used: 1.8129683449, 1360
great: 1.58957789737, 1349
really: 1.63166448121, 1336
salt: 10.8226882319, 1316
ingredients: 7.13540055835, 1313
6: 1.84484202214, 1305
bowl: 7.57174884634, 1303
easy: 2.91353638751, 1283
sugar: 6.98993780863, 1281
small: 2.67348038238, 1272
love: 1.96278037031, 1268
ll: 1.66021576378, 1260
world: -1.79236425514, 1239
set: 2.15126692285, 1203
together: 3.18907462401, 1200
sure: 1.99770061656, 1190
try: 2.32216597181, 1190
makes: 2.14886042566, 1189
making: 1.9399651455, 1188
butter: 9.87303690119, 1187
better: 1.52784853116, 1183
cool: 3.07021166114, 1174
water: 3.03188418707, 1167
he: -1.73072823259, 1162
20: 1.80382724055, 1132
keep: 1.66033694004, 1128
baking: 11.3882636557, 1119
oven: 13.5721631999, 1118
12: 1.5992103292, 1115
cooking: 7.37413651797, 1106
put: 1.78642615496, 1096
enough: 1.9547971845, 1090
heat: 6.29620690423, 1085
once: 2.10158201824, 1084
bake: 12.8250185117, 1075
30: 1.92024295404, 1074
15: 2.09325209161, 1065
his: -1.90857248707, 1062
cut: 3.74367878633, 1059
mix: 6.65108806718, 1058
cups: 9.57278459499, 1032
hot: 2.62688762211, 1003
